3.306489856949204e-09
9.865362056447249e-09
2.2875776843879927e-08
4.868370354109494e-08
9.987723513027944e-08
2.014265655867878e-07
4.0286346974332195e-07
8.024409575884733e-07
1.5950572334451145e-06
3.1673193850013413e-06
6.286115135876528e-06
1.2472670556071193e-05
2.4715763503943025e-05
4.813500378352285e-05
9.106099311104908e-05
0.00016657586818383192
0.00029427750728806807
0.0005021933307317
0.0008286077348698182
0.0013234805970389826
0.002049086182159887
0.0030795164546113746
0.004498783860883125
0.006397422637042476
0.008867702079534575
0.01199779205720118
0.015865415584465584
0.020531645004262526
0.026035521094702467
0.032390092640456496
0.03958030336593993
0.04756292585274967
0.05626849872583617
0.06560500362954416
0.07546285322987949
0.08572066814548901
0.09625130231222419
0.10692762341906567
0.11762765002070334
0.12823876851277483
0.1386608808834138
0.14880845138574011
0.15861151578231392
0.16801578502418021
0.17698201548094247
0.1854848330743269
0.1935111939711227
0.2010586457744505
0.20813352614240826
0.21474920535122877
0.2209244492428666
0.22668195178099884
0.23204706352043694
0.23704672423080386
0.24170859462922245
0.2460603731866669
0.25012927858286405
0.25394167583011723
0.25752282363047835
0.2608967215229584
0.26408603728104874
0.2671120974177769
0.26999492623873295
0.27275332144127384
0.27540495665595527
0.2779665034888212
0.28045376751813533
0.28288183432348113
0.28526522299450324
0.2876180457069459
0.28995417289553316
0.2922874043273445
0.29463164701372063
0.2970011014168248
0.2994104578261667
0.30187510511090476
0.3044113542975727
0.3070366795726297
0.30976997934670336
0.3126318599118849
0.31564494392975756
0.31883420544412167
0.3222273322378152
0.3258551150459499
0.32975186127468253
0.3339558283103317
0.33850966807525457
0.3434608700211342
0.3488621840776293
0.3547719980514619
0.36125463551488946
0.36838053035775914
0.37622622309933756
0.3848741122097503
0.3944118818624364
0.40493151695384294
0.4165278086386285
0.4292962513796954
0.4433302385285286
0.4587174811349133
0.4755356076535107
0.4938469538382261
0.5136926248193738
0.5350860056896466
0.5580060104334601
0.5823904851146524
0.6081303081621027
0.635064841084181
0.6629794546993127
0.6916058635570729
0.7206259196172249
0.7496793260161673
0.7783754253622189
0.8063088052614332
0.833077980608624
0.8583059158386339
0.8816607191264684
0.9028745620016799
0.9217588319954145
0.9382137650402721
0.9522313340996011
0.9638909384035255
0.9733483339436736
0.9808191199064434
0.9865587863707621
0.9908417019573896
0.9939414043718708
0.9961141630953771
0.9975871051355101
0.9985513833701872
0.9991600924390679
0.9995300435090386
0.9997461812319344
0.9998673753492094
0.9999324929458049
0.9999659680226753
0.9999828436376845
0.9999913510530084
0.9999956398516954
0.9999978019412934
0.9999988919041877
0.9999994413814673
0.9999997183865678
0.9999998580316968
0.9999999284302636
0.9999999639199241
0.9999999818111406
0.9999999908305457
0.9999999953774511
0.9999999976696587
0.9999999988252174
0.9999999994077631
0.9999999997014388
0.9999999998494881
0.9999999999241234
0.9999999999617488
0.9999999999807168
0.999999999990279
0.9999999999950996
0.9999999999975298
0.9999999999987549
0.9999999999993725
0.9999999999996838
0.9999999999998408
0.99999999999992
0.9999999999999598
0.9999999999999799
0.99999999999999
0.9999999999999951
0.9999999999999977
0.999999999999999
0.9999999999999997
1.0
1.0000000000000002
1.0000000000000002
1.0000000000000002
1.0000000000000002
1.0000000000000002
1.0000000000000002
1.0000000000000002
1.0000000000000002
1.0000000000000002
1.0000000000000002
1.0000000000000002
1.0000000000000002
1.0000000000000002
1.0000000000000002
1.0000000000000002
1.0000000000000002
1.0000000000000002
1.0000000000000002
1.0000000000000002
1.0000000000000002
1.0000000000000002
1.0000000000000002
1.0000000000000002
1.0000000000000002
1.0000000000000002
1.0000000000000002
1.0000000000000002
1.0000000000000002
1.0000000000000002
1.0000000000000002
1.0000000000000002
1.0000000000000002
1.0000000000000002
1.0000000000000002
1.0000000000000002
1.0000000000000002
1.0000000000000002
1.0000000000000002
1.0000000000000002
1.0000000000000002
1.0000000000000002
1.0000000000000002
1.0000000000000002
1.0000000000000002
1.0000000000000002
1.0000000000000002
1.0000000000000002
1.0000000000000002
1.0000000000000002
1.0000000000000002
1.0000000000000002
1.0000000000000002
1.0000000000000002
1.0000000000000002
1.0000000000000002
1.0000000000000002
1.0000000000000002
1.0000000000000002
1.0000000000000002
1.0000000000000002
1.0000000000000002
1.0000000000000002
1.0000000000000002
1.0000000000000002
1.0000000000000002
1.0000000000000002
1.0000000000000002
1.0000000000000002
1.0000000000000002
1.0000000000000002
1.0000000000000002
1.0000000000000002
1.0000000000000002
1.0000000000000002
1.0000000000000002
1.0000000000000002
1.0000000000000002
1.0000000000000002
1.0000000000000002
1.0000000000000002
1.0000000000000002
1.0000000000000002
1.0000000000000002
1.0000000000000002
1.0000000000000002
1.0000000000000002
1.0000000000000002
1.0000000000000002
1.0000000000000002
1.0000000000000002
1.0000000000000002
1.0000000000000002
1.0000000000000002
1.0000000000000002
1.0000000000000002
1.0000000000000002
1.0000000000000002
1.0000000000000002
1.0000000000000002
1.0000000000000002
1.0000000000000002
1.0000000000000002
1.0000000000000002
1.0000000000000002
1.0000000000000002
1.0000000000000002
1.0000000000000002
1.0000000000000002
1.0000000000000002
1.0000000000000002
1.0000000000000002
1.0000000000000002
1.0000000000000002
1.0000000000000002
1.0000000000000002
1.0000000000000002
1.0000000000000002
1.0000000000000002
1.0000000000000002
1.0000000000000002
1.0000000000000002
1.0000000000000002
1.0000000000000002
1.0000000000000002
1.0000000000000002
1.0000000000000002
1.0000000000000002
1.0000000000000002
1.0000000000000002
1.0000000000000002
1.0000000000000002
1.0000000000000002
1.0000000000000002
1.0000000000000002
1.0000000000000002
1.0000000000000002
1.0000000000000002
1.0000000000000002
1.0000000000000002
1.0000000000000002
1.0000000000000002
1.0000000000000002
1.0000000000000002
1.0000000000000002
1.0000000000000002
1.0000000000000002
1.0000000000000002
1.0000000000000002
1.0000000000000002
1.0000000000000002
1.0000000000000002
1.0000000000000002
1.0000000000000002
1.0000000000000002
1.0000000000000002
1.0000000000000002
1.0000000000000002
1.0000000000000002
1.0000000000000002
1.0000000000000002
1.0000000000000002
1.0000000000000002
1.0000000000000002
1.0000000000000002
1.0000000000000002
1.0000000000000002
1.0000000000000002
1.0000000000000002
1.0000000000000002
1.0000000000000002
1.0000000000000002
1.0000000000000002
1.0000000000000002
1.0000000000000002
1.0000000000000002
1.0000000000000002
1.0000000000000002
1.0000000000000002
1.0000000000000002
1.0000000000000002
1.0000000000000002
1.0000000000000002
1.0000000000000002
1.0000000000000002
1.0000000000000002
1.0000000000000002
1.0000000000000002
1.0000000000000002
1.0000000000000002
1.0000000000000002
1.0000000000000002
1.0000000000000002
1.0000000000000002
1.0000000000000002
1.0000000000000002
1.0000000000000002
1.0000000000000002
1.0000000000000002
1.0000000000000002
1.0000000000000002
1.0000000000000002
1.0000000000000002
1.0000000000000002
1.0000000000000002
1.0000000000000002
1.0000000000000002
1.0000000000000002
1.0000000000000002
1.0000000000000002
1.0000000000000002
1.0000000000000002
1.0000000000000002
1.0000000000000002
1.0000000000000002
1.0000000000000002
1.0000000000000002
1.0000000000000002
1.0000000000000002
1.0000000000000002
1.0000000000000002
1.0000000000000002
1.0000000000000002
1.0000000000000002
1.0000000000000002
1.0000000000000002
1.0000000000000002
1.0000000000000002
1.0000000000000002
1.0000000000000002
1.0000000000000002
1.0000000000000002
1.0000000000000002
1.0000000000000002
1.0000000000000002
1.0000000000000002
1.0000000000000002
1.0000000000000002
1.0000000000000002
1.0000000000000002
1.0000000000000002
1.0000000000000002
1.0000000000000002
1.0000000000000002
1.0000000000000002
1.0000000000000002
1.0000000000000002
1.0000000000000002
1.0000000000000002
1.0000000000000002
1.0000000000000002
1.0000000000000002
1.0000000000000002
1.0000000000000002
1.0000000000000002
1.0000000000000002
1.0000000000000002
1.0000000000000002
1.0000000000000002
1.0000000000000002
1.0000000000000002
1.0000000000000002
1.0000000000000002
1.0000000000000002
1.0000000000000002
1.0000000000000002
1.0000000000000002
1.0000000000000002
1.0000000000000002
1.0000000000000002
1.0000000000000002
1.0000000000000002
1.0000000000000002
1.0000000000000002
1.0000000000000002
1.0000000000000002
1.0000000000000002
1.0000000000000002
1.0000000000000002
1.0000000000000002
1.0000000000000002
1.0000000000000002
1.0000000000000002
1.0000000000000002
1.0000000000000002
1.0000000000000002
1.0000000000000002
1.0000000000000002
1.0000000000000002
1.0000000000000002
1.0000000000000002
1.0000000000000002
1.0000000000000002
1.0000000000000002
1.0000000000000002
1.0000000000000002
1.0000000000000002
1.0000000000000002
1.0000000000000002
1.0000000000000002
1.0000000000000002
1.0000000000000002
1.0000000000000002
1.0000000000000002
1.0000000000000002
1.0000000000000002
1.0000000000000002
1.0000000000000002
1.0000000000000002
1.0000000000000002
1.0000000000000002
1.0000000000000002
1.0000000000000002
1.0000000000000002
1.0000000000000002
1.0000000000000002
1.0000000000000002
1.0000000000000002
1.0000000000000002
1.0000000000000002
1.0000000000000002
1.0000000000000002
1.0000000000000002
1.0000000000000002
1.0000000000000002
1.0000000000000002
1.0000000000000002
1.0000000000000002
1.0000000000000002
1.0000000000000002
1.0000000000000002
1.0000000000000002
1.0000000000000002
1.0000000000000002
1.0000000000000002
1.0000000000000002
1.0000000000000002
1.0000000000000002
1.0000000000000002
1.0000000000000002
