0.0021175826759754295
0.004236616247869435
0.006357101709786752
0.008479040056513244
0.010602432283516365
0.012727279386945635
0.014853582363633096
0.01698134221109379
0.01911055992752622
0.021241236511812825
0.023373372963520433
0.025506970282900755
0.027642024457720644
0.029778463869279966
0.03191619818347927
0.034055140342710975
0.03619520652667841
0.03833631611172881
0.04047839162878043
0.04262135871992206
0.04476514609376039
0.04690968547958877
0.049054911580448154
0.051200762025148776
0.053347177319318796
0.05549410079554354
0.057641478562656744
0.059789259454242766
0.06193739497640631
0.06408583925486395
0.06623454898140937
0.0683834833598018
0.07053260405112512
0.07268187511866268
0.07483126297233056
0.07698073631271002
0.07913026607471776
0.08127982537095026
0.08342938943473657
0.08557893556293211
0.0877284430584835
0.0898778931727932
0.09202726904791031
0.09417655565857236
0.09632573975412102
0.09847480980031297
0.10062375592104544
0.10277256984001455
0.1049212448223224
0.10706977561604826
0.10921815839379685
0.11136639069423589
0.11351447136363349
0.11566240049740471
0.11781017938167536
0.11995781043486993
0.12210529714932956
0.12425264403296454
0.1263998565509451
0.1285469410674333
0.1306939047873577
0.13284075569823178
0.13498750251201636
0.13713415460702535
0.13928072196987357
0.14142721513746478
0.14357364513901746
0.14572002343812523
0.1478663618748486
0.15001267260783419
0.1521589680564569
0.154305260842981
0.15645156373473493
0.15859788958629514
0.16074425128167358
0.16289066167650398
0.16503713354022162
0.16718367949823112
0.16933031197405765
0.17147704313147613
0.17362388481661395
0.1757708485000226
0.1779179452187138
0.1800651855181567
0.1822125793942321
0.18436013623514122
0.18650786476326608
0.1886557729769801
0.19080386809240715
0.19295215648512873
0.19510064363183932
0.19724933405195105
0.19939823124914915
0.2015473376529012
0.20369665455992367
0.20584618207561056
0.20799591905542975
0.21014586304629415
0.21229601022791567
0.21444635535415119
0.2165968916943515
0.2187476109747248
0.2208985033197285
0.22304955719350383
0.22520075934137024
0.2273520947313967
0.22950354649607027
0.23165509587408276
0.23380672215225856
0.23595840260764867
0.23811011244981706
0.24026182476334837
0.24241351045060716
0.24456513817478104
0.24671667430324232
0.2488680828512646
0.251019325426133
0.25317036117168856
0.2553211467133503
0.2574716361036596
0.25962178076839454
0.2617715294533044
0.2639208281715154
0.26606962015166347
0.2682178457868093
0.27036544258419626
0.2725123451159118
0.2746584849705168
0.27680379070570893
0.27894818780208924
0.28109159861810296
0.283233942346228
0.28537513497048755
0.2875150892253648
0.28965371455620065
0.2917909173327053
0.29392665677289154
0.2960609338787014
0.29819374965139084
0.3003251050915302
0.30245500119900487
0.3045834389730155
0.3067104194120786
0.30883594351402704
0.3109600122760105
0.3130826266944959
0.31520378776526775
0.31732349648342895
0.31944175384340096
0.32155856083892437
0.3236739184630594
0.32578782770818615
0.32790028956600553
0.33001130502753917
0.3321208750831303
0.33422900072244405
0.33633568293446786
0.3384409227075121
0.34054472102921035
0.3426470788865201
0.3447479972657229
0.34684747715242514
0.3489455195315583
0.35104212538737944
0.35313729570347185
0.3552310314627452
0.35732333364743624
0.3594142032391092
0.36150364121865625
0.36359164856629783
0.3656782262615833
0.3677633752833914
0.36984709660993054
0.37192939121873936
0.37401026008668725
0.37608970418997467
0.37816772450413366
0.3802443220040284
0.38231949766385553
0.3843932524571447
0.3864655873567589
0.3885365033348951
0.3906060013630846
0.3926740824121934
0.3947407474524229
0.39680599745331
0.39886983338372806
0.4009322562118867
0.40299326690533294
0.40505286643095106
0.4071110557549635
0.40916783584293104
0.41122320765975334
0.41327717216966947
0.4153297303362582
0.4173808831224386
0.4194306314904704
0.4214789764019545
0.42352591881783336
0.42557145969839155
0.42761560000325605
0.42965834069139686
0.4316996827211273
0.4337396270501046
0.4357781746353303
0.43781532643315063
0.439851083399257
0.4418854464886865
0.4439184166558223
0.4459499948543942
0.44798018203747875
0.45000897915750016
0.4520363871662304
0.45406240701478984
0.45608703965364755
0.4581102860326218
0.46013214710088063
0.4621526238069421
0.46417171709867483
0.4661894279232985
0.4682057572273841
0.4702207059568547
0.47223427505698556
0.4742464654724047
0.4762572781470934
0.47826671402438664
0.48027477404697344
0.48228145915689735
0.48428677029555695
0.48629070840370625
0.48829327442145515
0.49029446928826975
0.492294293942973
0.4942927493237451
0.49628983636812374
0.49828555601300467
0.5002799091946423
0.5022728968486498
0.50426451991
0.5062547793130252
0.5082436759914183
0.5102312108782328
0.5122173849058831
0.5142021990061455
0.5161856541101583
0.518167751148422
0.5201484910508001
0.5221278747465196
0.524105903164171
0.5260825772317094
0.5280578978764539
0.5300318660250891
0.5320044826036652
0.533975748537598
0.5359456647516698
0.5379142321700299
0.5398814517161945
0.5418473243130477
0.5438118508828417
0.545775032347197
0.5477368696271036
0.5496973636429202
0.5516565153143759
0.5536143255605698
0.5555707952999717
0.5575259254504226
0.559479716929135
0.5614321706526935
0.5633832875370549
0.565333068497549
0.5672815144488791
0.5692286263051216
0.5711744049797276
0.5731188513855225
0.5750619664347069
0.5770037510388565
0.578944206108923
0.5808833325552346
0.5828211312874958
0.5847576032147884
0.5866927492455719
0.5886265702876836
0.5905590672483393
0.5924902410341335
0.5944200925510402
0.5963486227044128
0.598275832398985
0.6002017225388709
0.6021262940275658
0.6040495477679461
0.60597148466227
0.6078921056121782
0.6098114115186939
0.6117294032822232
0.613646081802556
0.6155614479788658
0.6174755027097107
0.6193882468930336
0.6212996814261623
0.6232098072058104
0.6251186251280775
0.6270261360884496
0.6289323409817995
0.6308372407023874
0.6327408361438613
0.6346431281992571
0.6365441177609992
0.6384438057209012
0.640342192970166
0.6422392803993864
0.644135068898545
0.6460295593570154
0.6479227526635623
0.6498146497063415
0.6517052513729011
0.6535945585501812
0.6554825721245148
0.6573692929816278
0.6592547220066399
0.6611388600840648
0.6630217080978101
0.6649032669311788
0.6667835374668688
0.6686625205869735
0.6705402171729826
0.6724166281057821
0.6742917542656548
0.676165596532281
0.6780381557847385
0.6799094329015032
0.6817794287604496
0.6836481442388511
0.6855155802133804
0.68738173756011
0.6892466171545124
0.6911102198714608
0.6929725465852294
0.6948335981694937
0.6966933754973311
0.6985518794412211
0.7004091108730459
0.7022650706640906
0.7041197596850439
0.7059731788059983
0.7078253288964504
0.7096762108253017
0.7115258254608586
0.7133741736708329
0.7152212563223425
0.7170670742819114
0.7189116284154704
0.7207549195883575
0.7225969486653179
0.7244377165105049
0.7262772239874803
0.7281154719592142
0.7299524612880861
0.731788192835885
0.7336226674638099
0.73545588603247
0.7372878494018853
0.739118558431487
0.7409480139801178
0.7427762169060322
0.7446031680668974
0.746428868319793
0.7482533185212121
0.7500765195270611
0.7518984721926605
0.7537191773727451
0.7555386359214644
0.7573568486923833
0.7591738165384819
0.7609895403121567
0.7628040208652203
0.764617259048902
0.7664292557138485
0.7682400117101238
0.7700495278872102
0.771857805094008
0.7736648441788366
0.7754706459894344
0.7772752113729592
0.779078541175989
0.7808806362445219
0.7826814974239771
0.7844811255591946
0.7862795214944361
0.7880766860733853
0.7898726201391482
0.7916673245342533
0.7934608001006525
0.7952530476797212
0.7970440681122585
0.798833862238488
0.800622430898058
0.8024097749300417
0.8041958951729381
0.8059807924646718
0.8077644676425938
0.8095469215434817
0.8113281550035404
0.8131081688584019
0.8148869639431262
0.8166645410922017
0.818440901139545
0.8202160449185023
0.8219899732618487
0.8237626870017896
0.82553418696996
0.8273044739974258
0.829073548914684
0.8308414125516628
0.8326080657377221
0.834373509301654
0.8361377440716832
0.8379007708754672
0.839662590540097
0.8414232038920969
0.8431826117574257
0.8449408149614765
0.8466978143290773
0.8484536106844911
0.8502082048514169
0.8519615976529895
0.8537137899117802
0.8554647824497968
0.8572145760884848
0.8589631716487269
0.8607105699508437
0.8624567718145943
0.8642017780591765
0.8659455895032271
0.8676882069648224
0.8694296312614787
0.8711698632101523
0.8729089036272405
0.8746467533285812
0.876383413129454
0.8781188838445801
0.879853166288123
0.8815862612736887
0.883318169614326
0.8850488921225271
0.8867784296102281
0.8885067828888088
0.8902339527690937
0.891959940061352
0.8936847455752983
0.8954083701200926
0.8971308145043407
0.8988520795360954
0.9005721660228555
0.9022910747715673
0.9040088065886246
0.9057253622798688
0.9074407426505897
0.9091549485055259
0.9108679806488648
0.9125798398842431
0.9142905270147473
0.9160000428429143
0.9177083881707311
0.9194155637996358
0.9211215705305179
0.9228264091637182
0.9245300804990296
0.9262325853356977
0.9279339244724205
0.9296340987073491
0.9313331088380885
0.9330309556616972
0.9347276399746882
0.9364231625730289
0.9381175242521419
0.9398107258069051
0.9415027680316521
0.9431936517201728
0.9448833776657133
0.9465719466609769
0.9482593594981239
0.9499456169687723
0.951630719863998
0.9533146689743355
0.9549974650897777
0.9566791089997767
0.9583596014932443
0.9600389433585518
0.9617171353835309
0.9633941783554737
0.9650700730611335
0.9667448202867247
0.9684184208179235
0.970090875439868
0.971762184937159
0.9734323500938598
0.9751013716934969
0.9767692505190605
0.9784359873530045
0.9801015829772471
0.9817660381731713
0.9834293537216249
0.985091530402921
0.9867525689968385
0.9884124702826226
0.9900712350389845
0.9917288640441028
0.9933853580756227
0.9950407179106573
0.9966949443257875
0.9983480380970626
1.0000000000000004
