0.001778416544073552
0.0036829108880185994
0.005722421101869076
0.00790651890485023
0.010245454586854537
0.012750205114548809
0.015432525647881534
0.018305004708764897
0.02138112326084619
0.024675317977638566
0.028203048995937764
0.03198087247250145
0.036025568467567486
0.04034129632096594
0.04492660736866085
0.049778375317327546
0.05489185362000846
0.06026075621164421
0.06587735887883828
0.0717326182010921
0.07781630478254158
0.08411714739006598
0.09062298461747528
0.09732092079497301
0.10419748304454564
0.11123877663021169
0.11843063605145328
0.12575876966308921
0.1332088959605608
0.14076687003259777
0.14841879904165248
0.1561511459363286
0.1639508209212378
0.17180526050219225
0.17970249418415593
0.18763119912342077
0.1955807432230549
0.20354121731210345
0.2115034571656822
0.21945905620720288
0.22740036978832065
0.23532051197002482
0.24321334573304734
0.2510734675309562
0.2588961870683911
0.2666775031431863
0.2744140763376799
0.2821031992841151
0.28974276516416453
0.2973312350353997
0.30486760450978895
0.3123513702425364
0.3197824966249611
0.3271613830135779
0.33448883176974803
0.34176601733067646
0.34899445648340105
0.35617597996886796
0.3633127055031887
0.3704070122676118
0.37746151688741325
0.38447905089255735
0.3914626396293015
0.3984154825715971
0.4053409349638328
0.41224249071184627
0.41912376642686455
0.42598848651681126
0.4328404692109463
0.43968361339681594
0.44652188614274213
0.45335931077436414
0.460199955369878
0.4670479215354558
0.47390733331975093
0.48078232612432464
0.4876770354652228
0.4945955854397676
0.501542076751943
0.5085205741495912
0.5155350931271082
0.522589585748551
0.529687925448225
0.5368338906691141
0.5440311472041856
0.5512832291119389
0.5585935180858856
0.5659652211682912
0.5734013467118714
0.5809046785096132
0.5884777480329089
0.5961228047421894
0.603841784462654
0.6116362758509243
0.6195074850169043
0.6274561984091239
0.6354827441216399
0.6435869518363241
0.65176811167609
0.6600249323121476
0.6683554987413748
0.6767572302277338
0.6852268389834687
0.6937602902503549
0.70235276452698
0.7109986227729245
0.719691375502411
0.7284236567556855
0.7371872040028411
0.7459728450883761
0.7547704933614944
0.763569152152741
0.7723569297475888
0.7811210659675594
0.7898479713950399
0.798523280165151
0.8071319170934026
0.8156581797089181
0.8240858355182761
0.8323982345345899
0.8405784367720918
0.8486093540320405
0.8564739048973039
0.8641551814189646
0.8716366255297603
0.8789022127695131
0.8859366404726343
0.892725517164902
0.8992555495650074
0.9055147233055469
0.9114924732977254
0.9171798395823979
0.9225696045532592
0.927656407618587
0.932436833693901
0.9369095250344444
0.9410861235640468
0.9449862306694383
0.9486281501227246
0.9520289739836615
0.9552046628151872
0.9581701205886748
0.9609392646304458
0.9635250909378146
0.9659397351712017
0.9681945296085599
0.9703000563294093
0.9722661968780817
0.9741021786392507
0.9758166181433959
0.9774175615054377
0.9789125221863301
0.9803085162548297
0.9816120953149312
0.9828293772535008
0.9839660749524133
0.9850275230999403
0.9860187032272218
0.9869442670873186
0.9878085584865691
0.9886156336707062
0.9893692803614111
0.9900730355326445
0.990730202010181
0.9913438639722537
0.9919169014240521
0.9924520037140074
0.9929516821552975
0.993418281811806
0.9938539925038498
0.9942608590853252
0.9946407910405065
0.9949955714455336
0.9953268653366493
0.9956362275244571
0.995925109890875
0.9961948682030286
0.9964467684760646
0.9966819929147447
0.996901645461705
0.9971067569784202
0.9972982900831869
0.9974771436688318
0.9976441571213468
0.9978001142592505
0.9979457470121628
0.9980817388558568
0.9982087280199116
0.9983273104830158
0.9984380427699833
0.9985414445636048
0.9986380011435958
0.9987281656640844
0.9988123612803304
0.9988909831346542
0.9989644002108979
0.9990329570661202
0.9990969754476525
0.9991567558031069
0.9992125786904201
0.9992647060945531
0.9993133826570246
0.9993588368240497
0.999401281918671
0.999440917141915
0.9994779285076716
0.9995124897156845
0.9995447629667491
0.999574899723945
0.9996030414234739
0.9996293201384407
0.9996538591986919
0.99967677376962
0.9996981713926525
0.9997181524899583
0.9997368108357446
0.9997542339963525
0.9997705037412188
0.9997856964266315
0.9997998833540818
0.9998131311048915
0.9998255018526895
0.9998370536552016
0.9998478407267236
0.9998579136925572
0.9998673198266017
0.9998761032732177
0.9998843052544027
0.999891964263252
0.9998991162446124
0.9999057947637765
0.9999120311640101
0.99991785471365
0.999923292743465
0.999928370774923
0.9999331126399671
0.9999375405928623
0.9999416754146381
0.9999455365106168
0.9999491420014857
0.9999525088083396
0.999955652732095
0.9999585885276449
0.9999613299731065
0.9999638899344838
0.9999662804260492
0.9999685126667286
0.9999705971327536
0.9999725436068275
0.9999743612240374
0.9999760585147262
0.9999776434445269
0.9999791234517466
0.9999805054822751
0.9999817960221836
0.9999830011281643
0.9999841264559555
0.9999851772868847
0.9999861585526552
0.9999870748584903
0.9999879305047471
0.9999887295070985
0.9999894756153792
0.9999901723311843
0.9999908229243026
0.9999914304480629
0.9999919977536628
0.9999925275035502
0.9999930221839187
0.9999934841163757
0.9999939154688374
0.9999943182657041
0.9999946943973601
0.9999950456290464
0.9999953736091445
0.9999956798769127
0.9999959658697106
0.9999962329297442
0.999996482310365
0.9999967151819528
0.999996932637408
0.9999971356972807
0.9999973253145605
0.9999975023791492
0.9999976677220366
0.999997822119201
0.9999979662952508
0.9999981009268255
0.9999982266457705
0.9999983440421033
0.9999984536667819
0.999998556034291
0.9999986516250562
0.999998740887699
0.9999988242411421
0.9999989020765752
0.9999989747592913
0.9999990426304013
0.999999106008434
0.9999991651908318
0.9999992204553463
0.999999272061342
0.9999993202510133
0.9999993652505215
0.9999994072710557
0.9999994465098245
0.9999994831509812
0.9999995173664881
0.9999995493169234
0.9999995791522353
0.9999996070124453
0.9999996330283053
0.9999996573219117
0.9999996800072778
0.9999997011908694
0.9999997209721042
0.9999997394438185
0.9999997566927026
0.9999997727997081
0.9999997878404274
0.999999801885449
0.9999998150006881
0.9999998272476965
0.9999998386839513
0.9999998493631242
0.9999998593353344
0.9999998686473829
0.9999998773429724
0.9999998854629126
0.9999998930453117
0.9999999001257548
0.9999999067374715
0.9999999129114917
0.9999999186767908
0.9999999240604264
0.9999999290876644
0.9999999337820986
0.9999999381657606
0.9999999422592235
0.9999999460816986
0.9999999496511253
0.9999999529842554
0.9999999560967318
0.9999999590031617
0.9999999617171856
0.9999999642515408
0.9999999666181213
0.9999999688280338
0.9999999708916497
0.999999972818654
0.9999999746180904
0.9999999762984039
0.9999999778674803
0.9999999793326836
0.9999999807008902
0.9999999819785215
0.9999999831715732
0.9999999842856448
0.9999999853259648
0.9999999862974154
0.9999999872045557
0.9999999880516434
0.9999999888426536
0.9999999895812989
0.9999999902710457
0.9999999909151313
0.9999999915165783
0.9999999920782093
0.9999999926026604
0.9999999930923926
0.9999999935497046
0.9999999939767424
0.9999999943755103
0.9999999947478797
0.9999999950955981
0.9999999954202976
0.999999995723502
0.9999999960066341
0.9999999962710229
0.999999996517909
0.9999999967484513
0.9999999969637317
0.9999999971647604
0.999999997352481
0.9999999975277745
0.9999999976914635
0.9999999978443164
0.9999999979870503
0.9999999981203352
0.9999999982447967
0.9999999983610187
0.9999999984695469
0.9999999985708905
0.9999999986655251
0.9999999987538949
0.9999999988364145
0.9999999989134715
0.9999999989854271
0.9999999990526194
0.9999999991153635
0.999999999173954
0.9999999992286657
0.9999999992797555
0.9999999993274631
0.9999999993720124
0.9999999994136126
0.9999999994524589
0.9999999994887335
0.9999999995226068
0.9999999995542376
0.9999999995837745
0.999999999611356
0.9999999996371116
0.9999999996611623
0.9999999996836207
0.9999999997045924
0.9999999997241757
0.9999999997424627
0.999999999759539
0.9999999997754849
0.9999999997903752
0.9999999998042798
0.9999999998172638
0.9999999998293884
0.9999999998407102
0.9999999998512825
0.999999999861155
0.9999999998703739
0.9999999998789825
0.9999999998870212
0.9999999998945277
0.9999999999015373
0.9999999999080829
0.9999999999141951
0.9999999999199027
0.9999999999252325
0.9999999999302094
0.9999999999348569
0.9999999999391967
0.9999999999432493
0.9999999999470335
0.9999999999505672
0.999999999953867
0.9999999999569483
0.9999999999598257
0.9999999999625125
0.9999999999650215
0.9999999999673644
0.9999999999695522
0.9999999999715952
0.9999999999735029
0.9999999999752843
0.9999999999769479
0.9999999999785013
0.9999999999799518
0.9999999999813063
0.9999999999825712
0.9999999999837523
0.9999999999848552
0.9999999999858852
0.999999999986847
0.999999999987745
0.9999999999885837
0.9999999999893668
0.9999999999900981
0.999999999990781
0.9999999999914186
0.999999999992014
0.99999999999257
0.9999999999930893
0.9999999999935741
0.9999999999940269
0.9999999999944497
0.9999999999948445
0.999999999995213
0.9999999999955573
0.9999999999958787
0.999999999996179
0.9999999999964593
0.9999999999967211
0.9999999999969655
0.9999999999971938
0.999999999997407
0.999999999997606
0.9999999999977919
0.9999999999979654
0.9999999999981275
0.9999999999982788
0.9999999999984202
0.9999999999985522
0.9999999999986754
0.9999999999987904
0.9999999999988979
0.9999999999989982
0.999999999999092
0.9999999999991794
0.9999999999992611
0.9999999999993374
0.9999999999994087
0.9999999999994752
0.9999999999995373
0.9999999999995952
0.9999999999996494
0.9999999999997
0.9999999999997472
0.9999999999997913
0.9999999999998325
0.9999999999998709
0.9999999999999067
0.9999999999999403
0.9999999999999716
1.0000000000000009
