0.000000000
0.000000008
0.000000029
0.000000086
0.000000237
0.000000639
0.000001707
0.000004549
0.000012109
0.000032003
0.000080850
0.000191096
0.000420836
0.000864856
0.001664135
0.003009977
0.005138376
0.008312454
0.012793497
0.018804989
0.026496742
0.035916936
0.046998228
0.059560680
0.073330315
0.087968850
0.103108502
0.118385735
0.133469367
0.148080091
0.162000993
0.175079855
0.187225165
0.198398022
0.208602002
0.217872628
0.226267587
0.233858355
0.240723494
0.246943630
0.252597930
0.257761845
0.262505846
0.266894902
0.270988492
0.274840984
0.278502256
0.282018460
0.285432892
0.288786920
0.292120955
0.295475494
0.298892211
0.302415108
0.306091882
0.309975289
0.314124793
0.318608377
0.323504581
0.328904773
0.334915619
0.341661689
0.349288069
0.357962733
0.367878339
0.379252901
0.392328666
0.407368246
0.424646947
0.444440116
0.467004422
0.492552377
0.521220193
0.553030359
0.587852100
0.625364991
0.665033005
0.706097524
0.747597522
0.788422465
0.827398066
0.863397521
0.895462710
0.922913709
0.945423614
0.963040865
0.976152671
0.985397763
0.991549559
0.995397302
0.997650237
0.998879963
0.999503006
0.999794729
0.999920382
0.999970036
0.999988736
0.999995766
0.999998409
0.999999401
0.999999775
0.999999914
0.999999968
0.999999988
1.000000003
0.999999998
0.999999999
0.999999999
1.000000000
1.000000000
0.999999999
0.999999999
0.999999999
0.999999999
1.000000000
0.999999999
0.999999999
0.999999999
0.999999999
1.000000000
1.000000000
0.999999999
0.999999999
0.999999999
0.999999999
0.999999999
0.999999999
1.000000001
1.000000011
1.000000019
0.999999999
0.999999999
0.999999999
1.000000005
0.999999999
0.999999999
0.999999999
0.999999999
0.999999999
0.999999999
1.000000004
0.999999999
0.999999999
0.999999999
0.999999999
0.999999999
0.999999999
0.999999999
0.999999999
0.999999999
0.999999999
0.999999999
1.000000002
1.000000000
1.000000018
0.999999999
0.999999999
0.999999999
0.999999999
0.999999999
0.999999999
0.999999999
1.000000000
0.999999999
1.000000091
0.999999999
0.999999999
1.000000024
0.999999999
1.000000003
0.999999999
0.999999999
0.999999999
0.999999999
0.999999999
1.000000000
1.000000000
0.999999999
0.999999999
1.000000019
1.000000000
0.999999999
0.999999999
0.999999999
1.000000000
1.000000000
1.000000004
1.000000003
0.999999999
0.999999999
1.000000000
0.999999999
0.999999999
1.000000002
0.999999999
1.000000000
1.000000000
0.999999999
0.999999999
0.999999999
0.999999999
0.999999999
0.999999999
0.999999999
0.999999999
1.000000000
1.000000000
1.000000033
1.000000007
0.999999999
0.999999999
0.999999999
0.999999999
0.999999999
0.999999999
0.999999999
1.000000000
0.999999999
1.000000000
1.000000006
0.999999999
0.999999999
0.999999999
0.999999999
0.999999999
0.999999999
0.999999999
1.000000000
1.000000000
1.000000000
0.999999999
0.999999999
0.999999999
0.999999999
0.999999999
0.999999999
0.999999999
1.000000012
1.000000000
1.000000000
1.000000000
0.999999999
0.999999999
0.999999999
0.999999999
0.999999999
0.999999999
0.999999999
0.999999999
0.999999999
0.999999999
0.999999999
0.999999999
1.000000001
1.000000001
1.000000002
1.000000011
0.999999999
1.000000019
0.999999999
0.999999999
0.999999999
0.999999999
0.999999999
0.999999999
0.999999999
1.000000005
0.999999999
0.999999999
0.999999999
0.999999999
0.999999999
0.999999999
0.999999999
0.999999999
0.999999999
0.999999999
1.000000018
0.999999999
0.999999999
1.000000004
0.999999999
0.999999999
0.999999999
0.999999999
0.999999999
0.999999999
0.999999999
0.999999999
0.999999999
0.999999999
0.999999999
0.999999999
0.999999999
0.999999999
0.999999999
0.999999999
0.999999999
0.999999999
0.999999999
0.999999999
0.999999999
0.999999999
0.999999999
1.000000002
0.999999999
1.000000000
0.999999999
1.000000018
0.999999999
0.999999999
1.000000031
0.999999999
1.000000000
0.999999999
0.999999999
0.999999999
0.999999999
0.999999999
1.000000000
0.999999999
0.999999999
0.999999999
0.999999999
1.000000000
0.999999999
0.999999999
0.999999999
1.000000091
0.999999999
0.999999999
0.999999999
0.999999999
1.000000026
1.000000024
0.999999999
0.999999999
1.000000000
1.000000003
0.999999999
0.999999999
1.000000001
0.999999999
0.999999999
0.999999999
0.999999999
0.999999999
0.999999999
0.999999999
0.999999999
1.000000000
1.000000000
1.000000000
0.999999999
0.999999999
0.999999999
0.999999999
0.999999999
1.000000019
0.999999999
1.000000000
0.999999999
0.999999999
0.999999999
0.999999999
0.999999999
0.999999999
0.999999999
1.000000000
1.000000000
1.000000000
1.000000000
1.000000004
0.999999999
1.000000003
0.999999999
0.999999999
0.999999999
0.999999999
1.000000000
1.000000000
0.999999999
0.999999999
0.999999999
0.999999999
0.999999999
1.000000002
0.999999999
0.999999999
1.000000000
1.000000000
1.000000000
1.000000000
0.999999999
0.999999999
0.999999999
0.999999999
0.999999999
0.999999999
0.999999999
0.999999999
0.999999999
0.999999999
1.000000099
0.999999999
0.999999999
0.999999999
1.000000001
0.999999999
0.999999999
1.000000000
1.000000000
1.000000000
1.000000035
1.000000033
1.000000007
1.000000007
0.999999999
0.999999999
0.999999999
0.999999999
0.999999999
0.999999999
1.000000000
0.999999999
1.000000001
0.999999999
0.999999999
0.999999999
0.999999999
0.999999999
0.999999999
1.000000000
1.000000000
0.999999999
1.000000002
1.000000000
0.999999999
1.000000006
0.999999999
0.999999999
1.000000012
0.999999999
0.999999999
0.999999999
1.000000003
0.999999999
0.999999999
0.999999999
0.999999999
0.999999999
0.999999999
0.999999999
1.000000000
1.000000000
1.000000000
1.000000000
1.000000000
1.000000000
1.000000000
0.999999999
0.999999999
0.999999999
0.999999999
0.999999999
0.999999999
0.999999999
1.000000000
0.999999999
0.999999999
0.999999999
0.999999999
0.999999999
0.999999999
1.000000012
1.000000012
1.000000000
1.000000000
1.000000000
0.999999999
1.000000000
0.999999994
0.999999999
0.999999999
0.999999999
0.999999999
0.999999999
0.999999999
0.999999999
1.000000003
0.999999999
1.000000069
0.999999999
0.999999999
0.999999999
0.999999999
0.999999999
1.000000000
0.999999999
0.999999999
0.999999999
0.999999999
0.999999999
0.999999999
0.999999999
0.999999998
1.000000001
0.999999999
1.000000001
1.000000069
1.000000002
1.000000000
