0.000000000
0.002268697
0.004539616
0.006812757
0.009088124
0.011365718
0.013645542
0.015927597
0.018211887
0.020498393
0.022786970
0.025077422
0.027369568
0.029663234
0.031958256
0.034254481
0.036551764
0.038849970
0.041148972
0.043448652
0.045748902
0.048049619
0.050350711
0.052652093
0.054953686
0.057255421
0.059557233
0.061859066
0.064160870
0.066462600
0.068764219
0.071065695
0.073366999
0.075668111
0.077969015
0.080269698
0.082570152
0.084870375
0.087170367
0.089470132
0.091769677
0.094069014
0.096368156
0.098667120
0.100965923
0.103264587
0.105563134
0.107861588
0.110159975
0.112458321
0.114756653
0.117054999
0.119353387
0.121651846
0.123950403
0.126249085
0.128547919
0.130846932
0.133146146
0.135445586
0.137745272
0.140045223
0.142345456
0.144645985
0.146946822
0.149247974
0.151549447
0.153851243
0.156153357
0.158455785
0.160758515
0.163061530
0.165364812
0.167668333
0.169972063
0.172275964
0.174579994
0.176884105
0.179188239
0.181492336
0.183796326
0.186100132
0.188403670
0.190706850
0.193009571
0.195311725
0.197613196
0.199913860
0.202213582
0.204512219
0.206809619
0.209105620
0.211400051
0.213692730
0.215983464
0.218272058
0.220558417
0.222842542
0.225124430
0.227404088
0.229681517
0.231956718
0.234229693
0.236500446
0.238768978
0.241035292
0.243299389
0.245561272
0.247820943
0.250078403
0.252333656
0.254586703
0.256837547
0.259086190
0.261332633
0.263576879
0.265818931
0.268058790
0.270296458
0.272531937
0.274765231
0.276996341
0.279225268
0.281452016
0.283676585
0.285898979
0.288119200
0.290337249
0.292553129
0.294766842
0.296978390
0.299187775
0.301394999
0.303600065
0.305802973
0.308003728
0.310202330
0.312398782
0.314593086
0.316785244
0.318975258
0.321163130
0.323348863
0.325532458
0.327713917
0.329893242
0.332070437
0.334245502
0.336418440
0.338589253
0.340757943
0.342924511
0.345088962
0.347251295
0.349411513
0.351569661
0.353725615
0.355879500
0.358031280
0.360180956
0.362328529
0.364474002
0.366617376
0.368758655
0.370897839
0.373034931
0.375169933
0.377302847
0.379433675
0.381562419
0.383689082
0.385813664
0.387936169
0.390056597
0.392174952
0.394291235
0.396405449
0.398517595
0.400627629
0.402735691
0.404841646
0.406945541
0.409047379
0.411147161
0.413244889
0.415340567
0.417434194
0.419525774
0.421615308
0.423702799
0.425788248
0.427871657
0.429953029
0.432032366
0.434109670
0.436184940
0.438258182
0.440329396
0.442398584
0.444465749
0.446530892
0.448594015
0.450655121
0.452714211
0.454771287
0.456826352
0.458879406
0.460930453
0.462979493
0.465026530
0.467071565
0.469114599
0.471155636
0.473194676
0.475231723
0.477266777
0.479299841
0.481330916
0.483360006
0.485387110
0.487412232
0.489435374
0.491456537
0.493475723
0.495492935
0.497508174
0.499521442
0.501532740
0.503542072
0.505549439
0.507554842
0.509558285
0.511559768
0.513559293
0.515556863
0.517552479
0.519546144
0.521537859
0.523527625
0.525515447
0.527501324
0.529485258
0.531467253
0.533447309
0.535425428
0.537401613
0.539375866
0.541348187
0.543318580
0.545287045
0.547253585
0.549218203
0.551180898
0.553141675
0.555100533
0.557057476
0.559012505
0.560965622
0.562916828
0.564866127
0.566813519
0.568759010
0.570702592
0.572644276
0.574584061
0.576521949
0.578457942
0.580392041
0.582324249
0.584254567
0.586182997
0.588109542
0.590034202
0.591956980
0.593877877
0.595796896
0.597714038
0.599629305
0.601542699
0.603454221
0.605363874
0.607271660
0.609177580
0.611081636
0.612983829
0.614884162
0.616782637
0.618679255
0.620574018
0.622466928
0.624357987
0.626247196
0.628134558
0.630020073
0.631903746
0.633785576
0.635665564
0.637543715
0.639420029
0.641294508
0.643167153
0.645037967
0.646906952
0.648774116
0.650639439
0.652502945
0.654364629
0.656224492
0.658082537
0.659938763
0.661793217
0.663645773
0.665496560
0.667345535
0.669192702
0.671038064
0.672881620
0.674723374
0.676563326
0.678401479
0.680237834
0.682072393
0.683905158
0.685736131
0.687565312
0.689392705
0.691218311
0.693042131
0.694864168
0.696684423
0.698502897
0.700319593
0.702134512
0.703947657
0.705759028
0.707568627
0.709376457
0.711182519
0.712986814
0.714789345
0.716590113
0.718389120
0.720186367
0.721981857
0.723775591
0.725567570
0.727357797
0.729146273
0.730933000
0.732717979
0.734501213
0.736282703
0.738062451
0.739840458
0.741616726
0.743391257
0.745164006
0.746935114
0.748704443
0.750472042
0.752237913
0.754002056
0.755764474
0.757525169
0.759284141
0.761041394
0.762796927
0.764550744
0.766302845
0.768053234
0.769801910
0.771548876
0.773294133
0.775037683
0.776779529
0.778519671
0.780258111
0.781994851
0.783729892
0.785463237
0.787194886
0.788924841
0.790653105
0.792379679
0.794104564
0.795827762
0.797549275
0.799269104
0.800987252
0.802703718
0.804418506
0.806131617
0.807843052
0.809552814
0.811260904
0.812967323
0.814672074
0.816375157
0.818076575
0.819776328
0.821474419
0.823170850
0.824865621
0.826558735
0.828250193
0.829939997
0.831628148
0.833314648
0.834999499
0.836682702
0.838364259
0.840044171
0.841722441
0.843399069
0.845074057
0.846747407
0.848419121
0.850089216
0.851757645
0.853424458
0.855089642
0.856753197
0.858415125
0.860075428
0.861734106
0.863391163
0.865046599
0.866700416
0.868352616
0.870003200
0.871652169
0.873299526
0.874945272
0.876589408
0.878231936
0.879872858
0.881512175
0.883149889
0.884786002
0.886420514
0.888053427
0.889684744
0.891314465
0.892942592
0.894569127
0.896194071
0.897817426
0.899439189
0.901059375
0.902677972
0.904294985
0.905910415
0.907524270
0.909136544
0.910747241
0.912356364
0.913963912
0.915569889
0.917174294
0.918777131
0.920378399
0.921978102
0.923576241
0.925172816
0.926767830
0.928361287
0.929953180
0.931543519
0.933132302
0.934719532
0.936305209
0.937889335
0.939471913
0.941052942
0.942632426
0.944210364
0.945786759
0.947361613
0.948934926
0.950506701
0.952076939
0.953645641
0.955212808
0.956778443
0.958342547
0.959905121
0.961466167
0.963025686
0.964583680
0.966140151
0.967695099
0.969248526
0.970800435
0.972350825
0.973899699
0.975447058
0.976992904
0.978537238
0.980080062
0.981621376
0.983161185
0.984699486
0.986236283
0.987771578
0.989305370
0.990837663
0.992368457
0.993897754
0.995425555
0.996951863
0.998476677
1.000000000
