0.000000000
0.003274698
0.006827601
0.010682345
0.014864573
0.019402106
0.024325130
0.029666395
0.035461432
0.041744218
0.048518703
0.055771769
0.063485292
0.071636706
0.080199613
0.089144456
0.098439220
0.108050146
0.117942421
0.128080833
0.138430384
0.148956821
0.159627116
0.170409855
0.181275561
0.192196941
0.203149060
0.214109454
0.225058187
0.235977856
0.246853553
0.257672793
0.268425417
0.279103473
0.289701080
0.300214280
0.310640898
0.320980381
0.331233660
0.341402998
0.351491856
0.361504759
0.371447177
0.381325407
0.391146472
0.400918018
0.410648228
0.420345739
0.430019563
0.439679022
0.449333674
0.458993256
0.468667617
0.478366662
0.488100290
0.497878329
0.507710475
0.517606218
0.527574771
0.537624986
0.547765265
0.558003467
0.568346798
0.578801692
0.589373686
0.600067283
0.610885797
0.621831201
0.632903951
0.644102814
0.655424689
0.666864411
0.678414586
0.690065403
0.701804476
0.713616696
0.725484114
0.737385857
0.749298088
0.761194014
0.773043961
0.784815521
0.796473769
0.807981572
0.819299985
0.830388743
0.841206826
0.851713128
0.861867183
0.871629951
0.880964647
0.889837571
0.898218929
0.906083605
0.913411843
0.920191255
0.926440572
0.932200545
0.937509491
0.942402727
0.946912805
0.951069727
0.954901146
0.958432552
0.961687435
0.964687451
0.967452552
0.970001136
0.972350157
0.974515241
0.976510791
0.978350083
0.980045350
0.981607873
0.983048044
0.984375443
0.985598902
0.986726562
0.987765921
0.988723895
0.989606855
0.990420676
0.991170772
0.991862133
0.992499358
0.993086686
0.993628023
0.994126975
0.994586852
0.995010722
0.995401400
0.995761488
0.996093380
0.996399281
0.996681231
0.996941102
0.997180625
0.997401392
0.997604872
0.997792420
0.997965282
0.998124608
0.998271458
0.998406809
0.998531562
0.998646549
0.998752526
0.998850208
0.998940094
0.999023224
0.999099709
0.999170206
0.999235181
0.999295069
0.999350268
0.999401144
0.999448037
0.999491258
0.999531094
0.999567811
0.999601653
0.999632845
0.999661595
0.999688093
0.999712517
0.999735028
0.999755776
0.999774900
0.999792526
0.999808772
0.999823746
0.999837546
0.999850268
0.999861993
0.999872799
0.999882759
0.999891939
0.999900401
0.999908200
0.999915388
0.999922014
0.999928121
0.999933747
0.999938936
0.999943717
0.999948124
0.999951998
0.999955931
0.999959382
0.999962561
0.999965493
0.999968196
0.999970686
0.999972982
0.999975097
0.999977047
0.999978844
0.999980501
0.999982028
0.999983435
0.999984732
0.999985928
0.999987030
0.999988045
0.999988981
0.999989844
0.999990639
0.999991372
0.999992047
0.999992671
0.999993246
0.999993774
0.999994261
0.999994710
0.999995125
0.999995492
0.999995858
0.999996182
0.999996481
0.999996757
0.999997011
0.999997245
0.999997461
0.999997659
0.999997843
0.999998011
0.999998167
0.999998311
0.999998443
0.999998566
0.999998676
0.999998781
0.999998874
0.999998967
0.999999045
0.999999120
0.999999189
0.999999253
0.999999311
0.999999365
0.999999415
0.999999460
0.999999503
0.999999542
0.999999578
0.999999611
0.999999641
0.999999669
0.999999695
0.999999719
0.999999741
0.999999761
0.999999779
0.999999798
0.999999816
0.999999828
0.999999841
0.999999853
0.999999865
0.999999876
0.999999885
0.999999894
0.999999903
0.999999910
0.999999919
0.999999923
0.999999930
0.999999935
0.999999940
0.999999942
0.999999948
0.999999953
0.999999956
0.999999960
0.999999962
0.999999967
0.999999967
0.999999972
0.999999973
0.999999976
0.999999978
0.999999978
0.999999981
0.999999983
0.999999984
0.999999985
0.999999986
0.999999986
0.999999988
0.999999989
0.999999993
0.999999991
0.999999992
0.999999988
0.999999993
0.999999993
0.999999847
0.999999994
0.999999995
0.999999995
0.999999996
0.999999996
0.999999997
0.999999997
0.999999997
0.999999997
0.999999997
0.999999998
0.999999998
0.999999998
0.999999998
0.999999998
0.999999998
0.999999998
0.999999999
0.999999999
0.999999999
0.999999999
0.999999999
1.000000000
0.999999999
0.999999999
0.999999999
0.999999999
0.999999999
0.999999999
1.000000000
1.000000000
1.000000000
0.999999999
1.000000000
0.999999999
0.999999999
1.000000000
1.000000000
1.000000000
1.000000000
1.000000002
1.000000000
1.000000000
1.000000000
1.000000000
0.999999999
1.000000000
1.000000000
1.000000000
1.000000000
1.000000000
1.000000000
1.000000000
1.000000000
1.000000000
1.000000000
1.000000000
1.000000000
0.999999999
1.000000000
1.000000000
1.000000000
1.000000000
1.000000000
0.999999999
1.000000000
1.000000000
0.999999999
1.000000000
1.000000000
1.000000000
0.999999999
1.000000000
0.999999999
1.000000000
0.999999811
1.000000000
1.000000000
1.000000000
1.000000000
1.000000071
0.999999999
1.000000001
1.000000000
1.000000000
1.000000000
1.000000000
1.000000000
1.000000000
1.000000000
1.000000000
1.000000000
1.000000000
1.000000000
1.000000000
1.000000000
1.000000000
1.000000000
0.999999999
1.000000000
1.000000000
1.000000000
1.000000000
1.000000000
1.000000000
1.000000000
1.000000000
1.000000000
1.000000000
1.000000000
1.000000000
1.000000000
1.000000000
1.000000000
1.000000000
1.000000000
1.000000000
1.000000000
1.000000000
0.999999999
1.000000000
1.000000000
1.000000000
1.000000001
1.000000000
1.000000001
1.000000000
1.000000000
1.000000000
1.000000000
0.999999990
1.000000000
1.000000000
0.999999985
1.000000000
1.000000000
1.000000000
1.000000000
1.000000009
1.000000000
1.000000000
1.000000000
1.000000000
1.000000000
1.000000000
1.000000000
1.000000000
1.000000000
1.000000001
0.999999999
1.000000000
1.000000000
1.000000000
1.000000000
1.000000000
1.000000000
1.000000000
1.000000000
1.000000000
1.000000000
1.000000000
1.000000000
1.000000002
0.999999999
1.000000000
1.000000000
1.000000000
0.999999998
1.000000000
1.000000002
1.000000000
1.000000000
1.000000000
1.000000000
1.000000000
1.000000000
1.000000000
1.000000000
1.000000000
1.000000000
1.000000000
1.000000000
1.000000000
1.000000000
1.000000000
1.000000000
1.000000000
1.000000000
1.000000001
1.000000000
1.000000000
1.000000000
1.000000000
1.000000000
1.000000000
0.999999999
1.000000007
1.000000000
1.000000000
1.000000000
1.000000002
1.000000000
1.000000000
1.000000000
1.000000000
1.000000000
1.000000000
0.999999999
1.000000001
1.000000000
1.000000003
1.000000002
1.000000003
1.000000000
1.000000000
