0.000000000
0.002267684
0.004537588
0.006809714
0.009084064
0.011360641
0.013639446
0.015920482
0.018203751
0.020489241
0.022776812
0.025066272
0.027357438
0.029650137
0.031944205
0.034239489
0.036535845
0.038833136
0.041131236
0.043430028
0.045729402
0.048029258
0.050329501
0.052630048
0.054930820
0.057231746
0.059532764
0.061833816
0.064134852
0.066435829
0.068736707
0.071037455
0.073338046
0.075638459
0.077938676
0.080238686
0.082538481
0.084838058
0.087137418
0.089436564
0.091735505
0.094034251
0.096332815
0.098631214
0.100929467
0.103227594
0.105525617
0.107823561
0.110121451
0.112419314
0.114717176
0.117015066
0.119313011
0.121611041
0.123909182
0.126207462
0.128505907
0.130804544
0.133103397
0.135402488
0.137701839
0.140001468
0.142301393
0.144601628
0.146902183
0.149203068
0.151504287
0.153805842
0.156107729
0.158409943
0.160712472
0.163015301
0.165318409
0.167621771
0.169925354
0.172229123
0.174533034
0.176837039
0.179141081
0.181445099
0.183749024
0.186052778
0.188356279
0.190659434
0.192962144
0.195264300
0.197565788
0.199866481
0.202166246
0.204464939
0.206762409
0.209058494
0.211353021
0.213645810
0.215936668
0.218225397
0.220511893
0.222796153
0.225078179
0.227357973
0.229635537
0.231910874
0.234183985
0.236454874
0.238723541
0.240989990
0.243254222
0.245516240
0.247776045
0.250033641
0.252289028
0.254542210
0.256793188
0.259041965
0.261288543
0.263532923
0.265775108
0.268015101
0.270252903
0.272488516
0.274721943
0.276953185
0.279182245
0.281409126
0.283633828
0.285856355
0.288076708
0.290294890
0.292510902
0.294724747
0.296936427
0.299145944
0.301353300
0.303558497
0.305761537
0.307962423
0.310161157
0.312357740
0.314552175
0.316744464
0.318934608
0.321122611
0.323308474
0.325492199
0.327673789
0.329853244
0.332030569
0.334205764
0.336378831
0.338549774
0.340718593
0.342885291
0.345049870
0.347212332
0.349372680
0.351530914
0.353687038
0.355841053
0.357992961
0.360142765
0.362290467
0.364436068
0.366579570
0.368720976
0.370860288
0.372997508
0.375132638
0.377265679
0.379396634
0.381525505
0.383652295
0.385777004
0.387899635
0.390020190
0.392138672
0.394255081
0.396369421
0.398481693
0.400591899
0.402700041
0.404806122
0.406910143
0.409012106
0.411112013
0.413209867
0.415305669
0.417399421
0.419491126
0.421580785
0.423668400
0.425753974
0.427837508
0.429919004
0.431998464
0.434075891
0.436151286
0.438224652
0.440295990
0.442365301
0.444432590
0.446497856
0.448561103
0.450622331
0.452681544
0.454738743
0.456793930
0.458847107
0.460898276
0.462947439
0.464994598
0.467039755
0.469082911
0.471124070
0.473163232
0.475200400
0.477235576
0.479268761
0.481299957
0.483329168
0.485356393
0.487381636
0.489404899
0.491426183
0.493445489
0.495462821
0.497478180
0.499491568
0.501502987
0.503512439
0.505519926
0.507525449
0.509529011
0.511530613
0.513530258
0.515527947
0.517523683
0.519517466
0.521509300
0.523499186
0.525487125
0.527473121
0.529457174
0.531439286
0.533419461
0.535397698
0.537374001
0.539348371
0.541320811
0.543291321
0.545259904
0.547226561
0.549191296
0.551154109
0.553115002
0.555073977
0.557031037
0.558986183
0.560939416
0.562890739
0.564840154
0.566787663
0.568733266
0.570676967
0.572618767
0.574558668
0.576496672
0.578432780
0.580366995
0.582299318
0.584229752
0.586158297
0.588084956
0.590009731
0.591932624
0.593853636
0.595772769
0.597690026
0.599605407
0.601518915
0.603430552
0.605340319
0.607248218
0.609154252
0.611058421
0.612960728
0.614861175
0.616759763
0.618656494
0.620551370
0.622444394
0.624335565
0.626224887
0.628112362
0.629997990
0.631881775
0.633763716
0.635643818
0.637522081
0.639398506
0.641273097
0.643145854
0.645016780
0.646885876
0.648753144
0.650618586
0.652482204
0.654343998
0.656203972
0.658062127
0.659918465
0.661772987
0.663625696
0.665476592
0.667325679
0.669172957
0.671018428
0.672862095
0.674703958
0.676544020
0.678382283
0.680218748
0.682053416
0.683886291
0.685717372
0.687546663
0.689374165
0.691199880
0.693023809
0.694845955
0.696666318
0.698484901
0.700301705
0.702116733
0.703929986
0.705741465
0.707551172
0.709359110
0.711165280
0.712969683
0.714772321
0.716573197
0.718372311
0.720169665
0.721965262
0.723759103
0.725551189
0.727341523
0.729130106
0.730916940
0.732702026
0.734485366
0.736266962
0.738046816
0.739824929
0.741601303
0.743375940
0.745148841
0.746920009
0.748689444
0.750457148
0.752223124
0.753987373
0.755749896
0.757510696
0.759269773
0.761027130
0.762782769
0.764536690
0.766288897
0.768039389
0.769788170
0.771535240
0.773280601
0.775024256
0.776766205
0.778506451
0.780244995
0.781981838
0.783716983
0.785450431
0.787182184
0.788912243
0.790640610
0.792367286
0.794092274
0.795815575
0.797537191
0.799257122
0.800975372
0.802691941
0.804406832
0.806120045
0.807831583
0.809541447
0.811249639
0.812956160
0.814661012
0.816364197
0.818065716
0.819765571
0.821463763
0.823160295
0.824855168
0.826548383
0.828239942
0.829929846
0.831618098
0.833304699
0.834989650
0.836672954
0.838354611
0.840034624
0.841712993
0.843389721
0.845064809
0.846738260
0.848410073
0.850080251
0.851748796
0.853415709
0.855080992
0.856744647
0.858406674
0.860067075
0.861725853
0.863383009
0.865038544
0.866692460
0.868344758
0.869995440
0.871644508
0.873291964
0.874937808
0.876582042
0.878224668
0.879865688
0.881505103
0.883142915
0.884779125
0.886413734
0.888046745
0.889678159
0.891307977
0.892936202
0.894562834
0.896187875
0.897811327
0.899433191
0.901053469
0.902672163
0.904289273
0.905904802
0.907518751
0.909131121
0.910741914
0.912351133
0.913958777
0.915564849
0.917169350
0.918772283
0.920373647
0.921973445
0.923571679
0.925168350
0.926763459
0.928357008
0.929948999
0.931539433
0.933128311
0.934715635
0.936301407
0.937885628
0.939468300
0.941049424
0.942629001
0.944207034
0.945783524
0.947358471
0.948931879
0.950503747
0.952074078
0.953642874
0.955210135
0.956775864
0.958340061
0.959902728
0.961463867
0.963023480
0.964581567
0.966138130
0.967693171
0.969246691
0.970798692
0.972349174
0.973898141
0.975445593
0.976991531
0.978535957
0.980078873
0.981620280
0.983160180
0.984698573
0.986235462
0.987770848
0.989304732
0.990837116
0.992368002
0.993897390
0.995425282
0.996951681
0.998476586
1.000000000
