0.000000000
0.003201676
0.006675354
0.010444142
0.014533111
0.018969462
0.023782709
0.029004869
0.034670684
0.040814339
0.047441978
0.054541294
0.062094999
0.070081427
0.078475122
0.087247495
0.096367501
0.105802337
0.115518118
0.125480516
0.135655361
0.146009170
0.156509612
0.167125900
0.177829108
0.188592420
0.199391307
0.210203642
0.221009758
0.231792462
0.242536999
0.253230991
0.263864339
0.274429114
0.284919422
0.295331272
0.305662426
0.315912258
0.326081607
0.336172637
0.346188707
0.356134234
0.366014583
0.375835949
0.385605258
0.395330065
0.405018474
0.414679049
0.424320744
0.433952833
0.443584841
0.453226483
0.462887602
0.472578112
0.482307934
0.492086934
0.501924857
0.511831261
0.521815437
0.531886328
0.542052443
0.552321753
0.562701588
0.573198515
0.583818207
0.594565306
0.605443270
0.616454205
0.627598700
0.638875642
0.650282029
0.661812785
0.673460570
0.685215596
0.697065462
0.708995000
0.720986148
0.733017864
0.745066074
0.757103679
0.769100625
0.781024042
0.792838461
0.804506126
0.815987384
0.827241185
0.838225654
0.848898764
0.859219081
0.869146557
0.878643382
0.887674829
0.896210102
0.904223121
0.911693235
0.918606834
0.924980217
0.930854541
0.936268884
0.941259264
0.945858879
0.950098327
0.954005811
0.957607325
0.960926826
0.963986399
0.966806396
0.969405577
0.971801232
0.974009299
0.976044466
0.977920272
0.979649196
0.981242739
0.982711501
0.984065254
0.985313003
0.986463049
0.987523041
0.988500033
0.989400523
0.990230501
0.990995488
0.991700574
0.992350450
0.992949438
0.993501523
0.994010377
0.994479387
0.994911671
0.995310106
0.995677342
0.996015822
0.996327797
0.996615344
0.996880375
0.997124653
0.997349803
0.997557324
0.997748594
0.997924887
0.998087376
0.998237142
0.998375180
0.998502409
0.998619676
0.998727761
0.998827382
0.998919202
0.999003832
0.999081836
0.999153732
0.999219997
0.999281074
0.999337369
0.999389255
0.999437079
0.999481158
0.999521785
0.999559231
0.999593745
0.999625556
0.999654876
0.999681901
0.999706809
0.999729767
0.999750927
0.999770431
0.999788407
0.999804975
0.999820246
0.999834322
0.999847295
0.999859252
0.999870273
0.999880431
0.999889794
0.999898424
0.999906377
0.999913708
0.999920465
0.999926693
0.999932433
0.999937724
0.999942600
0.999947095
0.999951238
0.999955056
0.999958575
0.999961819
0.999964809
0.999967564
0.999970104
0.999972445
0.999974603
0.999976591
0.999978424
0.999980114
0.999981671
0.999983106
0.999984429
0.999985648
0.999986772
0.999987808
0.999988763
0.999989642
0.999990453
0.999991201
0.999991890
0.999992525
0.999993110
0.999993650
0.999994147
0.999994605
0.999995028
0.999995417
0.999995776
0.999996107
0.999996412
0.999996693
0.999996952
0.999997190
0.999997410
0.999997613
0.999997800
0.999997972
0.999998131
0.999998277
0.999998412
0.999998537
0.999998651
0.999998757
0.999998854
0.999998944
0.999999026
0.999999103
0.999999173
0.999999238
0.999999297
0.999999352
0.999999403
0.999999450
0.999999493
0.999999533
0.999999569
0.999999603
0.999999634
0.999999663
0.999999689
0.999999713
0.999999736
0.999999757
0.999999776
0.999999793
0.999999809
0.999999824
0.999999838
0.999999851
0.999999862
0.999999873
0.999999883
0.999999892
0.999999901
0.999999908
0.999999916
0.999999922
0.999999928
0.999999934
0.999999939
0.999999944
0.999999948
0.999999952
0.999999956
0.999999959
0.999999963
0.999999965
0.999999968
0.999999971
0.999999973
0.999999975
0.999999977
0.999999979
0.999999980
0.999999982
0.999999983
0.999999985
0.999999986
0.999999987
0.999999988
0.999999989
0.999999990
0.999999991
0.999999991
0.999999992
0.999999993
0.999999993
0.999999994
0.999999994
0.999999995
0.999999995
0.999999995
0.999999996
0.999999996
0.999999996
0.999999997
0.999999997
0.999999997
0.999999997
0.999999998
0.999999998
0.999999998
0.999999998
0.999999998
0.999999998
0.999999998
0.999999999
0.999999999
0.999999999
0.999999999
0.999999999
0.999999999
0.999999999
0.999999999
0.999999999
0.999999999
0.999999999
0.999999999
0.999999999
0.999999999
0.999999999
1.000000000
1.000000000
1.000000000
1.000000000
1.000000000
1.000000000
1.000000000
1.000000000
1.000000000
1.000000000
1.000000000
1.000000000
1.000000000
1.000000000
1.000000000
1.000000000
1.000000000
1.000000000
1.000000000
1.000000000
1.000000000
1.000000000
1.000000000
1.000000000
1.000000000
1.000000000
1.000000000
1.000000000
1.000000000
1.000000000
1.000000000
1.000000000
1.000000000
1.000000000
1.000000000
1.000000000
1.000000000
1.000000000
1.000000000
1.000000000
1.000000000
1.000000000
1.000000000
1.000000000
1.000000000
1.000000000
1.000000000
1.000000000
1.000000000
1.000000000
1.000000000
1.000000000
1.000000000
1.000000000
1.000000000
1.000000000
1.000000000
1.000000000
1.000000000
1.000000000
1.000000000
1.000000000
1.000000000
1.000000000
1.000000000
1.000000000
1.000000000
1.000000000
1.000000000
1.000000000
1.000000000
1.000000000
1.000000000
1.000000000
1.000000000
1.000000000
1.000000000
1.000000000
1.000000000
1.000000000
1.000000000
1.000000000
1.000000000
1.000000000
1.000000000
1.000000000
1.000000000
1.000000000
1.000000000
1.000000000
1.000000000
1.000000000
1.000000000
1.000000000
1.000000000
1.000000000
1.000000000
1.000000000
1.000000000
1.000000000
1.000000000
1.000000000
1.000000000
1.000000000
1.000000000
1.000000000
1.000000000
1.000000000
1.000000000
1.000000000
1.000000000
1.000000000
1.000000000
1.000000000
1.000000000
1.000000000
1.000000000
1.000000000
1.000000000
1.000000000
1.000000000
1.000000000
1.000000000
1.000000000
1.000000000
1.000000000
1.000000000
1.000000000
1.000000000
1.000000000
1.000000000
1.000000000
1.000000000
1.000000000
1.000000000
1.000000000
1.000000000
1.000000000
1.000000000
1.000000000
1.000000000
1.000000000
1.000000000
1.000000000
1.000000000
1.000000000
1.000000000
1.000000000
1.000000000
1.000000000
1.000000000
1.000000000
1.000000000
1.000000000
1.000000000
1.000000000
1.000000000
1.000000000
1.000000000
1.000000000
1.000000000
1.000000000
1.000000000
1.000000000
1.000000000
1.000000000
1.000000000
1.000000000
1.000000000
1.000000000
1.000000000
1.000000000
1.000000000
1.000000000
1.000000000
1.000000000
1.000000000
1.000000000
1.000000000
1.000000000
1.000000000
1.000000000
